P0: 7.070912e+02 0.000000e+00 6.018873e+02 0.000000e+00 0.000000e+00 7.070912e+02 1.831104e+02 0.000000e+00 0.000000e+00 0.000000e+00 1.000000e+00 0.000000e+00
P1: 7.070912e+02 0.000000e+00 6.018873e+02 -3.798145e+02 0.000000e+00 7.070912e+02 1.831104e+02 0.000000e+00 0.000000e+00 0.000000e+00 1.000000e+00 0.000000e+00
P2: 7.070912e+02 0.000000e+00 6.018873e+02 4.688783e+01 0.000000e+00 7.070912e+02 1.831104e+02 1.178601e-01 0.000000e+00 0.000000e+00 1.000000e+00 6.203223e-03
P3: 7.070912e+02 0.000000e+00 6.018873e+02 -3.334597e+02 0.000000e+00 7.070912e+02 1.831104e+02 1.930130e+00 0.000000e+00 0.000000e+00 1.000000e+00 3.318498e-03
